81
10030 30
000000000000000000000000000000
000000000000000000000000000000
000000000000000000000000000000
000000000000000000000000000000
000000000000000000000000000000
000000000000000000000000000000
000110000000000000000000000000
010010000000000000000000000000
100010000000000000000000000000
011000000000000000000000011000
000000000000000000000000011000
000000011000000000000000000000
000001001000000000000000000000
000000110000000000000000000000
000000000000000000000000000000
000000000000000000000000000000
000110000000000000000000000000
001000010000000000000000000000
000100001000000000000000000000
000000010000000000000000000000
000000100000000000000000000000
000000000000000000000000000000
000011000000000000000000000000
000010110000000000000000000000
000001110000000000000000000000
000000100000000000000000000000
000000000000000000000000000000
000000000000000000000000000000
000000000000000000000000000000
000000000000000000000000000000
