5
10030 30
000000000000000000000000000000
000000000000000000000000000000
000000000000000000000000000000
000000000000000000000000000000
000001100000000000000000000000
000010100000000000000000000000
000011100000000000000000000000
000000000000001100000000000000
000000000000000000000000000000
000000000000010000000000000000
000000000000010000000000000000
000000000000000000000000000000
000000000000010000000000000000
000000000000001100000000000000
000000000001101100000000000000
000000000001000001100000000000
000000000000101000000000000000
000000000000010000000000000000
000000000000000000000000000000
000000000000000000000000000000
000000000000000000000000000000
000000000000000000000000000000
000000000000000000000000010000
000000000000001110000000101100
000000000000110011000000011000
000000100000011100000000000000
000010010000000000000000000000
000010011110000000000000000000
000001000110000000000000000000
000000000000000000000000000000
